400
30.00 20.00 0.00 -1.0000 -0.5000 -0.0000 0.0 1.0 0.0 60.0
29.94 20.00 0.94 -0.9993 -0.5000 -0.0349 0.0 1.0 0.0 60.0
29.76 20.00 1.88 -0.9976 -0.5000 -0.0698 0.0 1.0 0.0 60.0
29.47 20.00 2.81 -0.9951 -0.5000 -0.1045 0.0 1.0 0.0 60.0
29.08 20.00 3.73 -0.9917 -0.5000 -0.1392 0.0 1.0 0.0 60.0
28.58 20.00 4.63 -0.9874 -0.5000 -0.1736 0.0 1.0 0.0 60.0
27.99 20.00 5.52 -0.9823 -0.5000 -0.2079 0.0 1.0 0.0 60.0
27.30 20.00 6.39 -0.9764 -0.5000 -0.2419 0.0 1.0 0.0 60.0
26.51 20.00 7.24 -0.9698 -0.5000 -0.2756 0.0 1.0 0.0 60.0
25.63 20.00 8.07 -0.9624 -0.5000 -0.3089 0.0 1.0 0.0 60.0
24.67 20.00 8.88 -0.9544 -0.5000 -0.3417 0.0 1.0 0.0 60.0
23.63 20.00 9.67 -0.9458 -0.5000 -0.3739 0.0 1.0 0.0 60.0
22.51 20.00 10.43 -0.9366 -0.5000 -0.4053 0.0 1.0 0.0 60.0
21.31 20.00 11.17 -0.9269 -0.5000 -0.4359 0.0 1.0 0.0 60.0
20.04 20.00 11.89 -0.9166 -0.5000 -0.4654 0.0 1.0 0.0 60.0
18.70 20.00 12.58 -0.9059 -0.5000 -0.4938 0.0 1.0 0.0 60.0
17.29 20.00 13.24 -0.8947 -0.5000 -0.5209 0.0 1.0 0.0 60.0
15.82 20.00 13.88 -0.8832 -0.5000 -0.5466 0.0 1.0 0.0 60.0
14.28 20.00 14.48 -0.8713 -0.5000 -0.5709 0.0 1.0 0.0 60.0
12.68 20.00 15.06 -0.8591 -0.5000 -0.5936 0.0 1.0 0.0 60.0
11.03 20.00 15.61 -0.8466 -0.5000 -0.6147 0.0 1.0 0.0 60.0
9.32 20.00 16.13 -0.8338 -0.5000 -0.6341 0.0 1.0 0.0 60.0
7.56 20.00 16.62 -0.8208 -0.5000 -0.6518 0.0 1.0 0.0 60.0
5.75 20.00 17.09 -0.8076 -0.5000 -0.6676 0.0 1.0 0.0 60.0
3.90 20.00 17.53 -0.7943 -0.5000 -0.6815 0.0 1.0 0.0 60.0
2.00 20.00 17.95 -0.7810 -0.5000 -0.6934 0.0 1.0 0.0 60.0
0.07 20.00 18.35 -0.7677 -0.5000 -0.7033 0.0 1.0 0.0 60.0
-1.89 20.00 18.73 -0.7544 -0.5000 -0.7112 0.0 1.0 0.0 60.0
-3.89 20.00 19.09 -0.7412 -0.5000 -0.7168 0.0 1.0 0.0 60.0
-5.93 20.00 19.43 -0.7282 -0.5000 -0.7203 0.0 1.0 0.0 60.0
-8.00 20.00 19.75 -0.7155 -0.5000 -0.7216 0.0 1.0 0.0 60.0
-10.08 20.00 20.05 -0.7033 -0.5000 -0.7206 0.0 1.0 0.0 60.0
-12.16 20.00 20.33 -0.6915 -0.5000 -0.7173 0.0 1.0 0.0 60.0
-14.22 20.00 20.59 -0.6802 -0.5000 -0.7117 0.0 1.0 0.0 60.0
-16.26 20.00 20.83 -0.6696 -0.5000 -0.7039 0.0 1.0 0.0 60.0
-18.26 20.00 21.06 -0.6596 -0.5000 -0.6939 0.0 1.0 0.0 60.0
-20.21 20.00 21.27 -0.6504 -0.5000 -0.6817 0.0 1.0 0.0 60.0
-22.10 20.00 21.46 -0.6418 -0.5000 -0.6673 0.0 1.0 0.0 60.0
-23.92 20.00 21.64 -0.6339 -0.5000 -0.6507 0.0 1.0 0.0 60.0
-25.64 20.00 21.80 -0.6268 -0.5000 -0.6320 0.0 1.0 0.0 60.0
-27.26 20.00 21.95 -0.6204 -0.5000 -0.6112 0.0 1.0 0.0 60.0
-28.77 20.00 22.09 -0.6149 -0.5000 -0.5884 0.0 1.0 0.0 60.0
-30.15 20.00 22.23 -0.6102 -0.5000 -0.5636 0.0 1.0 0.0 60.0
-31.39 20.00 22.36 -0.6064 -0.5000 -0.5369 0.0 1.0 0.0 60.0
-32.48 20.00 22.49 -0.6035 -0.5000 -0.5083 0.0 1.0 0.0 60.0
-33.40 20.00 22.62 -0.6016 -0.5000 -0.4780 0.0 1.0 0.0 60.0
-34.13 20.00 22.76 -0.6008 -0.5000 -0.4460 0.0 1.0 0.0 60.0
-34.67 20.00 22.90 -0.6011 -0.5000 -0.4124 0.0 1.0 0.0 60.0
-35.00 20.00 23.05 -0.6025 -0.5000 -0.3774 0.0 1.0 0.0 60.0
-35.12 20.00 23.21 -0.6051 -0.5000 -0.3410 0.0 1.0 0.0 60.0
-35.02 20.00 23.38 -0.6089 -0.5000 -0.3033 0.0 1.0 0.0 60.0
-34.70 20.00 23.56 -0.6139 -0.5000 -0.2645 0.0 1.0 0.0 60.0
-34.17 20.00 23.75 -0.6203 -0.5000 -0.2248 0.0 1.0 0.0 60.0
-33.43 20.00 23.95 -0.6278 -0.5000 -0.1843 0.0 1.0 0.0 60.0
-32.48 20.00 24.16 -0.6367 -0.5000 -0.1432 0.0 1.0 0.0 60.0
-31.31 20.00 24.38 -0.6472 -0.5000 -0.1017 0.0 1.0 0.0 60.0
-29.91 20.00 24.61 -0.6597 -0.5000 -0.0601 0.0 1.0 0.0 60.0
-28.29 20.00 24.85 -0.6745 -0.5000 -0.0187 0.0 1.0 0.0 60.0
-26.46 20.00 25.10 -0.6911 -0.5000 0.0221 0.0 1.0 0.0 60.0
-24.43 20.00 25.36 -0.7099 -0.5000 0.0627 0.0 1.0 0.0 60.0
-22.21 20.00 25.63 -0.7304 -0.5000 0.1048 0.0 1.0 0.0 60.0
-19.82 20.00 25.91 -0.7523 -0.5000 0.1484 0.0 1.0 0.0 60.0
-17.29 20.00 26.20 -0.7754 -0.5000 0.1939 0.0 1.0 0.0 60.0
-14.63 20.00 26.50 -0.7995 -0.5000 0.2409 0.0 1.0 0.0 60.0
-11.86 20.00 26.81 -0.8243 -0.5000 0.2894 0.0 1.0 0.0 60.0
-8.98 20.00 27.12 -0.8496 -0.5000 0.3392 0.0 1.0 0.0 60.0
-5.99 20.00 27.43 -0.8753 -0.5000 0.3903 0.0 1.0 0.0 60.0
-2.93 20.00 27.74 -0.9012 -0.5000 0.4428 0.0 1.0 0.0 60.0
0.18 20.00 28.04 -0.9270 -0.5000 0.4965 0.0 1.0 0.0 60.0
3.41 20.00 28.33 -0.9525 -0.5000 0.5515 0.0 1.0 0.0 60.0
6.72 20.00 28.60 -0.9775 -0.5000 0.6076 0.0 1.0 0.0 60.0
10.09 20.00 28.86 -1.0019 -0.5000 0.6648 0.0 1.0 0.0 60.0
13.51 20.00 29.11 -1.0256 -0.5000 0.7229 0.0 1.0 0.0 60.0
16.96 20.00 29.35 -1.0485 -0.5000 0.7817 0.0 1.0 0.0 60.0
20.43 20.00 29.57 -1.0703 -0.5000 0.8410 0.0 1.0 0.0 60.0
23.90 20.00 29.78 -1.0908 -0.5000 0.9006 0.0 1.0 0.0 60.0
27.35 20.00 29.97 -1.1098 -0.5000 0.9603 0.0 1.0 0.0 60.0
30.75 20.00 30.14 -1.1272 -0.5000 1.0200 0.0 1.0 0.0 60.0
34.11 20.00 30.28 -1.1429 -0.5000 1.0796 0.0 1.0 0.0 60.0
37.39 20.00 30.40 -1.1567 -0.5000 1.1388 0.0 1.0 0.0 60.0
40.57 20.00 30.49 -1.1686 -0.5000 1.1975 0.0 1.0 0.0 60.0
43.63 20.00 30.55 -1.1784 -0.5000 1.2555 0.0 1.0 0.0 60.0
46.56 20.00 30.57 -1.1859 -0.5000 1.3126 0.0 1.0 0.0 60.0
49.35 20.00 30.56 -1.1910 -0.5000 1.3685 0.0 1.0 0.0 60.0
52.00 20.00 30.50 -1.1937 -0.5000 1.4229 0.0 1.0 0.0 60.0
54.49 20.00 30.40 -1.1939 -0.5000 1.4757 0.0 1.0 0.0 60.0
56.82 20.00 30.26 -1.1916 -0.5000 1.5266 0.0 1.0 0.0 60.0
59.00 20.00 30.07 -1.1868 -0.5000 1.5755 0.0 1.0 0.0 60.0
61.00 20.00 29.83 -1.1796 -0.5000 1.6220 0.0 1.0 0.0 60.0
62.82 20.00 29.55 -1.1699 -0.5000 1.6667 0.0 1.0 0.0 60.0
64.44 20.00 29.23 -1.1578 -0.5000 1.7093 0.0 1.0 0.0 60.0
65.86 20.00 28.86 -1.1433 -0.5000 1.7495 0.0 1.0 0.0 60.0
67.07 20.00 28.45 -1.1264 -0.5000 1.7872 0.0 1.0 0.0 60.0
68.06 20.00 27.99 -1.1073 -0.5000 1.8222 0.0 1.0 0.0 60.0
68.81 20.00 27.49 -1.0860 -0.5000 1.8544 0.0 1.0 0.0 60.0
69.33 20.00 26.93 -1.0627 -0.5000 1.8835 0.0 1.0 0.0 60.0
69.60 20.00 26.33 -1.0375 -0.5000 1.9094 0.0 1.0 0.0 60.0
69.61 20.00 25.68 -1.0106 -0.5000 1.9318 0.0 1.0 0.0 60.0
69.36 20.00 25.00 -0.9821 -0.5000 1.9506 0.0 1.0 0.0 60.0
68.85 20.00 24.28 -0.9522 -0.5000 1.9657 0.0 1.0 0.0 60.0
68.07 20.00 23.54 -0.9211 -0.5000 1.9769 0.0 1.0 0.0 60.0
67.03 20.00 22.78 -0.8890 -0.5000 1.9843 0.0 1.0 0.0 60.0
65.73 20.00 21.99 -0.8561 -0.5000 1.9887 0.0 1.0 0.0 60.0
64.17 20.00 21.18 -0.8226 -0.5000 1.9900 0.0 1.0 0.0 60.0
62.36 20.00 20.35 -0.7887 -0.5000 1.9880 0.0 1.0 0.0 60.0
60.29 20.00 19.51 -0.7546 -0.5000 1.9827 0.0 1.0 0.0 60.0
58.00 20.00 18.67 -0.7204 -0.5000 1.9740 0.0 1.0 0.0 60.0
55.51 20.00 17.83 -0.6863 -0.5000 1.9610 0.0 1.0 0.0 60.0
52.83 20.00 17.00 -0.6535 -0.5000 1.9445 0.0 1.0 0.0 60.0
50.00 20.00 16.18 -0.6221 -0.5000 1.9243 0.0 1.0 0.0 60.0
47.03 20.00 15.37 -0.5923 -0.5000 1.9004 0.0 1.0 0.0 60.0
43.93 20.00 14.58 -0.5643 -0.5000 1.8726 0.0 1.0 0.0 60.0
40.71 20.00 13.81 -0.5383 -0.5000 1.8419 0.0 1.0 0.0 60.0
37.38 20.00 13.07 -0.5144 -0.5000 1.8082 0.0 1.0 0.0 60.0
34.00 20.00 12.35 -0.4928 -0.5000 1.7713 0.0 1.0 0.0 60.0
30.57 20.00 11.66 -0.4736 -0.5000 1.7313 0.0 1.0 0.0 60.0
27.11 20.00 10.99 -0.4569 -0.5000 1.6889 0.0 1.0 0.0 60.0
23.66 20.00 10.35 -0.4428 -0.5000 1.6440 0.0 1.0 0.0 60.0
20.25 20.00 9.73 -0.4314 -0.5000 1.5963 0.0 1.0 0.0 60.0
16.92 20.00 9.14 -0.4229 -0.5000 1.5466 0.0 1.0 0.0 60.0
13.69 20.00 8.58 -0.4174 -0.5000 1.4957 0.0 1.0 0.0 60.0
10.60 20.00 8.05 -0.4149 -0.5000 1.4432 0.0 1.0 0.0 60.0
7.67 20.00 7.55 -0.4156 -0.5000 1.3890 0.0 1.0 0.0 60.0
4.93 20.00 7.08 -0.4196 -0.5000 1.3339 0.0 1.0 0.0 60.0
2.41 20.00 6.63 -0.4270 -0.5000 1.2779 0.0 1.0 0.0 60.0
0.14 20.00 6.20 -0.4379 -0.5000 1.2211 0.0 1.0 0.0 60.0
-1.88 20.00 5.78 -0.4523 -0.5000 1.1634 0.0 1.0 0.0 60.0
-3.89 20.00 5.38 -0.4704 -0.5000 1.1050 0.0 1.0 0.0 60.0
-5.97 20.00 4.99 -0.4924 -0.5000 1.0460 0.0 1.0 0.0 60.0
-8.07 20.00 4.61 -0.5184 -0.5000 0.9867 0.0 1.0 0.0 60.0
-10.18 20.00 4.24 -0.5487 -0.5000 0.9273 0.0 1.0 0.0 60.0
-12.28 20.00 3.88 -0.5833 -0.5000 0.8683 0.0 1.0 0.0 60.0
-14.35 20.00 3.52 -0.6225 -0.5000 0.8104 0.0 1.0 0.0 60.0
-16.38 20.00 3.17 -0.6655 -0.5000 0.7543 0.0 1.0 0.0 60.0
-18.35 20.00 2.82 -0.7125 -0.5000 0.7006 0.0 1.0 0.0 60.0
-20.24 20.00 2.48 -0.7639 -0.5000 0.6498 0.0 1.0 0.0 60.0
-22.03 20.00 2.14 -0.8194 -0.5000 0.6025 0.0 1.0 0.0 60.0
-23.70 20.00 1.81 -0.8796 -0.5000 0.5582 0.0 1.0 0.0 60.0
-25.21 20.00 1.48 -0.9441 -0.5000 0.5174 0.0 1.0 0.0 60.0
-26.56 20.00 1.15 -1.0116 -0.5000 0.4806 0.0 1.0 0.0 60.0
-27.73 20.00 0.82 -1.0817 -0.5000 0.4473 0.0 1.0 0.0 60.0
-28.73 20.00 0.49 -1.1530 -0.5000 0.4171 0.0 1.0 0.0 60.0
-29.54 20.00 0.16 -1.2242 -0.5000 0.3897 0.0 1.0 0.0 60.0
-30.15 20.00 -0.16 -1.2947 -0.5000 0.3649 0.0 1.0 0.0 60.0
-30.56 20.00 -0.49 -1.3639 -0.5000 0.3422 0.0 1.0 0.0 60.0
-30.78 20.00 -0.82 -1.4303 -0.5000 0.3214 0.0 1.0 0.0 60.0
-30.81 20.00 -1.15 -1.4936 -0.5000 0.3023 0.0 1.0 0.0 60.0
-30.66 20.00 -1.48 -1.5534 -0.5000 0.2848 0.0 1.0 0.0 60.0
-30.33 20.00 -1.81 -1.6093 -0.5000 0.2688 0.0 1.0 0.0 60.0
-29.82 20.00 -2.14 -1.6600 -0.5000 0.2540 0.0 1.0 0.0 60.0
-29.14 20.00 -2.48 -1.7053 -0.5000 0.2403 0.0 1.0 0.0 60.0
-28.30 20.00 -2.82 -1.7448 -0.5000 0.2273 0.0 1.0 0.0 60.0
-27.31 20.00 -3.17 -1.7781 -0.5000 0.2150 0.0 1.0 0.0 60.0
-26.19 20.00 -3.52 -1.8048 -0.5000 0.2034 0.0 1.0 0.0 60.0
-24.95 20.00 -3.88 -1.8245 -0.5000 0.1925 0.0 1.0 0.0 60.0
-23.60 20.00 -4.24 -1.8366 -0.5000 0.1825 0.0 1.0 0.0 60.0
-22.16 20.00 -4.63 -1.8405 -0.5000 0.1734 0.0 1.0 0.0 60.0
-20.66 20.00 -5.03 -1.8367 -0.5000 0.1654 0.0 1.0 0.0 60.0
-19.11 20.00 -5.43 -1.8258 -0.5000 0.1583 0.0 1.0 0.0 60.0
-17.52 20.00 -5.83 -1.8072 -0.5000 0.1522 0.0 1.0 0.0 60.0
-15.90 20.00 -6.24 -1.7814 -0.5000 0.1470 0.0 1.0 0.0 60.0
-14.27 20.00 -6.65 -1.7479 -0.5000 0.1428 0.0 1.0 0.0 60.0
-12.67 20.00 -7.06 -1.7062 -0.5000 0.1395 0.0 1.0 0.0 60.0
-11.11 20.00 -7.46 -1.6569 -0.5000 0.1372 0.0 1.0 0.0 60.0
-9.61 20.00 -7.86 -1.6007 -0.5000 0.1359 0.0 1.0 0.0 60.0
-8.19 20.00 -8.25 -1.5379 -0.5000 0.1357 0.0 1.0 0.0 60.0
-6.86 20.00 -8.63 -1.4687 -0.5000 0.1366 0.0 1.0 0.0 60.0
-5.64 20.00 -9.00 -1.3925 -0.5000 0.1386 0.0 1.0 0.0 60.0
-4.53 20.00 -9.35 -1.3098 -0.5000 0.1418 0.0 1.0 0.0 60.0
-3.55 20.00 -9.69 -1.2209 -0.5000 0.1463 0.0 1.0 0.0 60.0
-2.72 20.00 -10.00 -1.1259 -0.5000 0.1520 0.0 1.0 0.0 60.0
-2.03 20.00 -10.28 -1.0258 -0.5000 0.1592 0.0 1.0 0.0 60.0
-1.49 20.00 -10.52 -0.9207 -0.5000 0.1678 0.0 1.0 0.0 60.0
-1.12 20.00 -10.72 -0.8108 -0.5000 0.1777 0.0 1.0 0.0 60.0
-0.93 20.00 -10.88 -0.6961 -0.5000 0.1889 0.0 1.0 0.0 60.0
-0.93 20.00 -11.00 -0.5768 -0.5000 0.2015 0.0 1.0 0.0 60.0
-1.10 20.00 -11.07 -0.4543 -0.5000 0.2153 0.0 1.0 0.0 60.0
-1.45 20.00 -11.10 -0.3291 -0.5000 0.2304 0.0 1.0 0.0 60.0
-1.96 20.00 -11.08 -0.2028 -0.5000 0.2467 0.0 1.0 0.0 60.0
-2.63 20.00 -11.01 -0.0768 -0.5000 0.2643 0.0 1.0 0.0 60.0
-3.45 20.00 -10.88 0.0471 -0.5000 0.2830 0.0 1.0 0.0 60.0
-4.40 20.00 -10.68 0.1697 -0.5000 0.3031 0.0 1.0 0.0 60.0
-5.46 20.00 -10.42 0.2908 -0.5000 0.3243 0.0 1.0 0.0 60.0
-6.63 20.00 -10.09 0.4099 -0.5000 0.3464 0.0 1.0 0.0 60.0
-7.90 20.00 -9.71 0.5265 -0.5000 0.3690 0.0 1.0 0.0 60.0
-9.26 20.00 -9.26 0.6393 -0.5000 0.3927 0.0 1.0 0.0 60.0
-10.69 20.00 -8.75 0.7470 -0.5000 0.4172 0.0 1.0 0.0 60.0
-12.17 20.00 -8.18 0.8493 -0.5000 0.4423 0.0 1.0 0.0 60.0
-13.68 20.00 -7.55 0.9450 -0.5000 0.4678 0.0 1.0 0.0 60.0
-15.19 20.00 -6.86 1.0337 -0.5000 0.4934 0.0 1.0 0.0 60.0
-16.69 20.00 -6.10 1.1149 -0.5000 0.5188 0.0 1.0 0.0 60.0
-18.16 20.00 -5.28 1.1871 -0.5000 0.5448 0.0 1.0 0.0 60.0
-19.57 20.00 -4.40 1.2499 -0.5000 0.5701 0.0 1.0 0.0 60.0
-20.90 20.00 -3.45 1.3039 -0.5000 0.5944 0.0 1.0 0.0 60.0
-22.12 20.00 -2.44 1.3488 -0.5000 0.6173 0.0 1.0 0.0 60.0
-23.22 20.00 -1.37 1.3842 -0.5000 0.6383 0.0 1.0 0.0 60.0
-24.19 20.00 -0.24 1.4097 -0.5000 0.6568 0.0 1.0 0.0 60.0
-25.02 20.00 0.93 1.4240 -0.5000 0.6723 0.0 1.0 0.0 60.0
-25.69 20.00 2.13 1.4268 -0.5000 0.6845 0.0 1.0 0.0 60.0
-26.19 20.00 3.34 1.4189 -0.5000 0.6921 0.0 1.0 0.0 60.0
-25.69 20.0 3.1399999999999997 1.3989 -0.5 0.7121000000000001 0.0 1.0 0.0 60.08486507841067
-25.19 20.0 2.9399999999999995 1.3789 -0.5 0.7321000000000001 0.0 1.0 0.0 59.99075026441201
-24.69 20.0 2.7399999999999993 1.3589 -0.5 0.7521000000000001 0.0 1.0 0.0 59.94874234711942
-24.19 20.0 2.539999999999999 1.3389 -0.5 0.7721000000000001 0.0 1.0 0.0 60.02178218168777
-23.69 20.0 2.339999999999999 1.3189 -0.5 0.7921000000000001 0.0 1.0 0.0 59.9440687521142
-23.19 20.0 2.139999999999999 1.2989 -0.5 0.8121000000000002 0.0 1.0 0.0 60.03336287258401
-22.69 20.0 1.9399999999999988 1.2789 -0.5 0.8321000000000002 0.0 1.0 0.0 60.063005195620406
-22.19 20.0 1.7399999999999989 1.2589 -0.5 0.8521000000000002 0.0 1.0 0.0 60.147796061303836
-21.69 20.0 1.539999999999999 1.2389 -0.5 0.8721000000000002 0.0 1.0 0.0 60.14761805618024
-21.19 20.0 1.339999999999999 1.2188999999999999 -0.5 0.8921000000000002 0.0 1.0 0.0 60.15757077054212
-20.69 20.0 1.139999999999999 1.1988999999999999 -0.5 0.9121000000000002 0.0 1.0 0.0 60.0596384073847
-20.19 20.0 0.9399999999999991 1.1788999999999998 -0.5 0.9321000000000003 0.0 1.0 0.0 60.103876932640006
-19.69 20.0 0.7399999999999991 1.1588999999999998 -0.5 0.9521000000000003 0.0 1.0 0.0 60.12167779720149
-19.19 20.0 0.5399999999999991 1.1388999999999998 -0.5 0.9721000000000003 0.0 1.0 0.0 60.133466050404245
-18.69 20.0 0.33999999999999914 1.1188999999999998 -0.5 0.9921000000000003 0.0 1.0 0.0 60.15052647335443
-18.19 20.0 0.13999999999999913 1.0988999999999998 -0.5 1.0121000000000002 0.0 1.0 0.0 60.07556130672397
-17.69 20.0 -0.060000000000000886 1.0788999999999997 -0.5 1.0321000000000002 0.0 1.0 0.0 60.015077775625684
-17.19 20.0 -0.2600000000000009 1.0588999999999997 -0.5 1.0521000000000003 0.0 1.0 0.0 59.97626964090621
-16.69 20.0 -0.4600000000000009 1.0388999999999997 -0.5 1.0721000000000003 0.0 1.0 0.0 59.93734353955573
-16.19 20.0 -0.6600000000000009 1.0188999999999997 -0.5 1.0921000000000003 0.0 1.0 0.0 59.88430270456938
-15.690000000000001 20.0 -0.860000000000001 0.9988999999999997 -0.5 1.1121000000000003 0.0 1.0 0.0 59.877308404350636
-15.190000000000001 20.0 -1.060000000000001 0.9788999999999997 -0.5 1.1321000000000003 0.0 1.0 0.0 59.86702101563232
-14.690000000000001 20.0 -1.260000000000001 0.9588999999999996 -0.5 1.1521000000000003 0.0 1.0 0.0 59.91744263801747
-14.190000000000001 20.0 -1.4600000000000009 0.9388999999999996 -0.5 1.1721000000000004 0.0 1.0 0.0 60.00207679250087
-13.690000000000001 20.0 -1.6600000000000008 0.9188999999999996 -0.5 1.1921000000000004 0.0 1.0 0.0 59.972708176544124
-13.190000000000001 20.0 -1.8600000000000008 0.8988999999999996 -0.5 1.2121000000000004 0.0 1.0 0.0 60.0492871243357
-12.690000000000001 20.0 -2.060000000000001 0.8788999999999996 -0.5 1.2321000000000004 0.0 1.0 0.0 60.01970038947516
-12.190000000000001 20.0 -2.260000000000001 0.8588999999999996 -0.5 1.2521000000000004 0.0 1.0 0.0 60.065985462944994
-11.690000000000001 20.0 -2.4600000000000013 0.8388999999999995 -0.5 1.2721000000000005 0.0 1.0 0.0 60.13764786582344
-11.190000000000001 20.0 -2.6600000000000015 0.8188999999999995 -0.5 1.2921000000000005 0.0 1.0 0.0 60.06834423445535
-10.690000000000001 20.0 -2.8600000000000017 0.7988999999999995 -0.5 1.3121000000000005 0.0 1.0 0.0 60.124004420259254
-10.190000000000001 20.0 -3.060000000000002 0.7788999999999995 -0.5 1.3321000000000005 0.0 1.0 0.0 60.092461705792495
-9.690000000000001 20.0 -3.260000000000002 0.7588999999999995 -0.5 1.3521000000000005 0.0 1.0 0.0 60.03413792074377
-9.190000000000001 20.0 -3.460000000000002 0.7388999999999994 -0.5 1.3721000000000005 0.0 1.0 0.0 60.05786924075735
-8.690000000000001 20.0 -3.6600000000000024 0.7188999999999994 -0.5 1.3921000000000006 0.0 1.0 0.0 60.10879752328364
-8.190000000000001 20.0 -3.8600000000000025 0.6988999999999994 -0.5 1.4121000000000006 0.0 1.0 0.0 60.013662433756
-7.690000000000001 20.0 -4.060000000000002 0.6788999999999994 -0.5 1.4321000000000006 0.0 1.0 0.0 60.09410538048136
-7.190000000000001 20.0 -4.2600000000000025 0.6588999999999994 -0.5 1.4521000000000006 0.0 1.0 0.0 60.130261016081064
-6.690000000000001 20.0 -4.460000000000003 0.6388999999999994 -0.5 1.4721000000000006 0.0 1.0 0.0 60.20255588852976
-6.190000000000001 20.0 -4.660000000000003 0.6188999999999993 -0.5 1.4921000000000006 0.0 1.0 0.0 60.140911201537925
-5.690000000000001 20.0 -4.860000000000003 0.5988999999999993 -0.5 1.5121000000000007 0.0 1.0 0.0 60.070403408682424
-5.190000000000001 20.0 -5.060000000000003 0.5788999999999993 -0.5 1.5321000000000007 0.0 1.0 0.0 60.162587244146586
-4.690000000000001 20.0 -5.260000000000003 0.5588999999999993 -0.5 1.5521000000000007 0.0 1.0 0.0 60.243009292535234
-4.190000000000001 20.0 -5.4600000000000035 0.5388999999999993 -0.5 1.5721000000000007 0.0 1.0 0.0 60.28747442388616
-3.6900000000000013 20.0 -5.660000000000004 0.5188999999999993 -0.5 1.5921000000000007 0.0 1.0 0.0 60.29752987097425
-3.1900000000000013 20.0 -5.860000000000004 0.49889999999999923 -0.5 1.6121000000000008 0.0 1.0 0.0 60.269163899123434
-2.6900000000000013 20.0 -6.060000000000004 0.4788999999999992 -0.5 1.6321000000000008 0.0 1.0 0.0 60.23140092827804
-2.1900000000000013 20.0 -6.260000000000004 0.4588999999999992 -0.5 1.6521000000000008 0.0 1.0 0.0 60.298717489637276
-1.6900000000000013 20.0 -6.460000000000004 0.4388999999999992 -0.5 1.6721000000000008 0.0 1.0 0.0 60.309313739672305
-1.1900000000000013 20.0 -6.660000000000005 0.41889999999999916 -0.5 1.6921000000000008 0.0 1.0 0.0 60.36413719512804
-0.6900000000000013 20.0 -6.860000000000005 0.39889999999999914 -0.5 1.7121000000000008 0.0 1.0 0.0 60.43604749323756
-0.19000000000000128 20.0 -7.060000000000005 0.3788999999999991 -0.5 1.7321000000000009 0.0 1.0 0.0 60.427266753826586
0.3099999999999987 20.0 -7.260000000000005 0.3588999999999991 -0.5 1.7521000000000009 0.0 1.0 0.0 60.36012715845671
0.8099999999999987 20.0 -7.460000000000005 0.3388999999999991 -0.5 1.772100000000001 0.0 1.0 0.0 60.4160315763565
1.3099999999999987 20.0 -7.6600000000000055 0.3188999999999991 -0.5 1.792100000000001 0.0 1.0 0.0 60.506947078117484
1.8099999999999987 20.0 -7.860000000000006 0.29889999999999906 -0.5 1.812100000000001 0.0 1.0 0.0 60.582974129774975
2.3099999999999987 20.0 -8.060000000000006 0.27889999999999904 -0.5 1.832100000000001 0.0 1.0 0.0 60.61365303920706
2.8099999999999987 20.0 -8.260000000000005 0.258899999999999 -0.5 1.852100000000001 0.0 1.0 0.0 60.627538638988746
3.3099999999999987 20.0 -8.460000000000004 0.23889999999999903 -0.5 1.872100000000001 0.0 1.0 0.0 60.64833882187471
3.8099999999999987 20.0 -8.660000000000004 0.21889999999999904 -0.5 1.892100000000001 0.0 1.0 0.0 60.559647472257524
4.309999999999999 20.0 -8.860000000000003 0.19889999999999905 -0.5 1.912100000000001 0.0 1.0 0.0 60.543896789755195
4.809999999999999 20.0 -9.060000000000002 0.17889999999999906 -0.5 1.932100000000001 0.0 1.0 0.0 60.5094009174767
5.309999999999999 20.0 -9.260000000000002 0.15889999999999907 -0.5 1.952100000000001 0.0 1.0 0.0 60.45176697509865
5.809999999999999 20.0 -9.46 0.13889999999999908 -0.5 1.972100000000001 0.0 1.0 0.0 60.53898804332694
6.309999999999999 20.0 -9.66 0.11889999999999908 -0.5 1.992100000000001 0.0 1.0 0.0 60.51644005447412
6.809999999999999 20.0 -9.86 0.09889999999999907 -0.5 2.012100000000001 0.0 1.0 0.0 60.61643183476653
7.309999999999999 20.0 -10.059999999999999 0.07889999999999907 -0.5 2.032100000000001 0.0 1.0 0.0 60.518808913074984
7.809999999999999 20.0 -10.259999999999998 0.058899999999999064 -0.5 2.052100000000001 0.0 1.0 0.0 60.435868465873796
8.309999999999999 20.0 -10.459999999999997 0.03889999999999906 -0.5 2.072100000000001 0.0 1.0 0.0 60.358005044732735
8.809999999999999 20.0 -10.659999999999997 0.01889999999999906 -0.5 2.092100000000001 0.0 1.0 0.0 60.285387111149646
9.309999999999999 20.0 -10.859999999999996 -0.0011000000000009405 -0.5 2.112100000000001 0.0 1.0 0.0 60.2983489011309
9.809999999999999 20.0 -11.059999999999995 -0.02110000000000094 -0.5 2.132100000000001 0.0 1.0 0.0 60.35708008084176
10.309999999999999 20.0 -11.259999999999994 -0.04110000000000094 -0.5 2.1521000000000012 0.0 1.0 0.0 60.38008515824483
10.809999999999999 20.0 -11.459999999999994 -0.061100000000000945 -0.5 2.1721000000000013 0.0 1.0 0.0 60.47853579017546
11.309999999999999 20.0 -11.659999999999993 -0.08110000000000095 -0.5 2.1921000000000013 0.0 1.0 0.0 60.53824512009977
11.809999999999999 20.0 -11.859999999999992 -0.10110000000000095 -0.5 2.2121000000000013 0.0 1.0 0.0 60.59530451607524
12.309999999999999 20.0 -12.059999999999992 -0.12110000000000096 -0.5 2.2321000000000013 0.0 1.0 0.0 60.541419192483815
12.809999999999999 20.0 -12.259999999999991 -0.14110000000000095 -0.5 2.2521000000000013 0.0 1.0 0.0 60.61617605288539
13.309999999999999 20.0 -12.45999999999999 -0.16110000000000094 -0.5 2.2721000000000013 0.0 1.0 0.0 60.693143297671845
13.809999999999999 20.0 -12.65999999999999 -0.18110000000000093 -0.5 2.2921000000000014 0.0 1.0 0.0 60.69595392102581
14.309999999999999 20.0 -12.859999999999989 -0.20110000000000092 -0.5 2.3121000000000014 0.0 1.0 0.0 60.71445600381616
14.809999999999999 20.0 -13.059999999999988 -0.2211000000000009 -0.5 2.3321000000000014 0.0 1.0 0.0 60.6995012039765
15.309999999999999 20.0 -13.259999999999987 -0.2411000000000009 -0.5 2.3521000000000014 0.0 1.0 0.0 60.710339843918064
15.809999999999999 20.0 -13.459999999999987 -0.2611000000000009 -0.5 2.3721000000000014 0.0 1.0 0.0 60.63716268029933
16.31 20.0 -13.659999999999986 -0.2811000000000009 -0.5 2.3921000000000014 0.0 1.0 0.0 60.68840833598461
16.81 20.0 -13.859999999999985 -0.3011000000000009 -0.5 2.4121000000000015 0.0 1.0 0.0 60.63920457453543
17.31 20.0 -14.059999999999985 -0.32110000000000094 -0.5 2.4321000000000015 0.0 1.0 0.0 60.54032855769869
17.81 20.0 -14.259999999999984 -0.34110000000000096 -0.5 2.4521000000000015 0.0 1.0 0.0 60.464505022448016
18.31 20.0 -14.459999999999983 -0.361100000000001 -0.5 2.4721000000000015 0.0 1.0 0.0 60.424762041661694
18.81 20.0 -14.659999999999982 -0.381100000000001 -0.5 2.4921000000000015 0.0 1.0 0.0 60.51031061798768
19.31 20.0 -14.859999999999982 -0.401100000000001 -0.5 2.5121000000000016 0.0 1.0 0.0 60.56911305279447
19.81 20.0 -15.059999999999981 -0.42110000000000103 -0.5 2.5321000000000016 0.0 1.0 0.0 60.48666974817026
20.31 20.0 -15.25999999999998 -0.44110000000000105 -0.5 2.5521000000000016 0.0 1.0 0.0 60.47351355160118
20.81 20.0 -15.45999999999998 -0.46110000000000106 -0.5 2.5721000000000016 0.0 1.0 0.0 60.44513532211388
21.31 20.0 -15.659999999999979 -0.4811000000000011 -0.5 2.5921000000000016 0.0 1.0 0.0 60.40400539396959
21.81 20.0 -15.859999999999978 -0.5011000000000011 -0.5 2.6121000000000016 0.0 1.0 0.0 60.48893000594742
22.31 20.0 -16.059999999999977 -0.5211000000000011 -0.5 2.6321000000000017 0.0 1.0 0.0 60.52267245216786
22.81 20.0 -16.259999999999977 -0.5411000000000011 -0.5 2.6521000000000017 0.0 1.0 0.0 60.575188340604186
23.31 20.0 -16.459999999999976 -0.5611000000000012 -0.5 2.6721000000000017 0.0 1.0 0.0 60.47636430570988
23.81 20.0 -16.659999999999975 -0.5811000000000012 -0.5 2.6921000000000017 0.0 1.0 0.0 60.45179997454111
24.31 20.0 -16.859999999999975 -0.6011000000000012 -0.5 2.7121000000000017 0.0 1.0 0.0 60.42601287384674
24.81 20.0 -17.059999999999974 -0.6211000000000012 -0.5 2.7321000000000017 0.0 1.0 0.0 60.33736110076881
25.31 20.0 -17.259999999999973 -0.6411000000000012 -0.5 2.7521000000000018 0.0 1.0 0.0 60.30319268467563
25.81 20.0 -17.459999999999972 -0.6611000000000012 -0.5 2.772100000000002 0.0 1.0 0.0 60.308151553599785
26.31 20.0 -17.65999999999997 -0.6811000000000013 -0.5 2.792100000000002 0.0 1.0 0.0 60.32031962524853
26.81 20.0 -17.85999999999997 -0.7011000000000013 -0.5 2.812100000000002 0.0 1.0 0.0 60.353928619262334
27.31 20.0 -18.05999999999997 -0.7211000000000013 -0.5 2.832100000000002 0.0 1.0 0.0 60.254245998875895
27.81 20.0 -18.25999999999997 -0.7411000000000013 -0.5 2.852100000000002 0.0 1.0 0.0 60.17265193513548
28.31 20.0 -18.45999999999997 -0.7611000000000013 -0.5 2.872100000000002 0.0 1.0 0.0 60.23040417247531
28.81 20.0 -18.659999999999968 -0.7811000000000013 -0.5 2.892100000000002 0.0 1.0 0.0 60.306831268634966
29.31 20.0 -18.859999999999967 -0.8011000000000014 -0.5 2.912100000000002 0.0 1.0 0.0 60.387627012259976
29.81 20.0 -19.059999999999967 -0.8211000000000014 -0.5 2.932100000000002 0.0 1.0 0.0 60.41466463693642
30.31 20.0 -19.259999999999966 -0.8411000000000014 -0.5 2.952100000000002 0.0 1.0 0.0 60.3605135795843
30.81 20.0 -19.459999999999965 -0.8611000000000014 -0.5 2.972100000000002 0.0 1.0 0.0 60.45037042460571
31.31 20.0 -19.659999999999965 -0.8811000000000014 -0.5 2.992100000000002 0.0 1.0 0.0 60.489940030333564
31.81 20.0 -19.859999999999964 -0.9011000000000015 -0.5 3.012100000000002 0.0 1.0 0.0 60.56349540382256
32.31 20.0 -20.059999999999963 -0.9211000000000015 -0.5 3.032100000000002 0.0 1.0 0.0 60.640924272264556
32.81 20.0 -20.259999999999962 -0.9411000000000015 -0.5 3.052100000000002 0.0 1.0 0.0 60.64163650988628
33.31 20.0 -20.45999999999996 -0.9611000000000015 -0.5 3.072100000000002 0.0 1.0 0.0 60.634009685160066
33.81 20.0 -20.65999999999996 -0.9811000000000015 -0.5 3.092100000000002 0.0 1.0 0.0 60.68506201510263
34.31 20.0 -20.85999999999996 -1.0011000000000014 -0.5 3.112100000000002 0.0 1.0 0.0 60.5901767131697
34.81 20.0 -21.05999999999996 -1.0211000000000015 -0.5 3.132100000000002 0.0 1.0 0.0 60.52221989580174
35.31 20.0 -21.25999999999996 -1.0411000000000015 -0.5 3.152100000000002 0.0 1.0 0.0 60.55754277867399
35.81 20.0 -21.459999999999958 -1.0611000000000015 -0.5 3.172100000000002 0.0 1.0 0.0 60.63357312588518
36.31 20.0 -21.659999999999958 -1.0811000000000015 -0.5 3.192100000000002 0.0 1.0 0.0 60.687661621572175
36.81 20.0 -21.859999999999957 -1.1011000000000015 -0.5 3.212100000000002 0.0 1.0 0.0 60.74888355491493
37.31 20.0 -22.059999999999956 -1.1211000000000015 -0.5 3.232100000000002 0.0 1.0 0.0 60.69961443950317
37.81 20.0 -22.259999999999955 -1.1411000000000016 -0.5 3.252100000000002 0.0 1.0 0.0 60.75277297895436
38.31 20.0 -22.459999999999955 -1.1611000000000016 -0.5 3.2721000000000022 0.0 1.0 0.0 60.808300002775674
38.81 20.0 -22.659999999999954 -1.1811000000000016 -0.5 3.2921000000000022 0.0 1.0 0.0 60.72331763340004
39.31 20.0 -22.859999999999953 -1.2011000000000016 -0.5 3.3121000000000023 0.0 1.0 0.0 60.76940713042065
39.81 20.0 -23.059999999999953 -1.2211000000000016 -0.5 3.3321000000000023 0.0 1.0 0.0 60.79486944706705
40.31 20.0 -23.259999999999952 -1.2411000000000016 -0.5 3.3521000000000023 0.0 1.0 0.0 60.78544519835336
40.81 20.0 -23.45999999999995 -1.2611000000000017 -0.5 3.3721000000000023 0.0 1.0 0.0 60.7254352671866
41.31 20.0 -23.65999999999995 -1.2811000000000017 -0.5 3.3921000000000023 0.0 1.0 0.0 60.63236483869571
41.81 20.0 -23.85999999999995 -1.3011000000000017 -0.5 3.4121000000000024 0.0 1.0 0.0 60.62678930492514
42.31 20.0 -24.05999999999995 -1.3211000000000017 -0.5 3.4321000000000024 0.0 1.0 0.0 60.58472945945487
42.81 20.0 -24.25999999999995 -1.3411000000000017 -0.5 3.4521000000000024 0.0 1.0 0.0 60.53281173222742
43.31 20.0 -24.459999999999948 -1.3611000000000018 -0.5 3.4721000000000024 0.0 1.0 0.0 60.60551200727579
43.81 20.0 -24.659999999999947 -1.3811000000000018 -0.5 3.4921000000000024 0.0 1.0 0.0 60.62649201359135
44.31 20.0 -24.859999999999946 -1.4011000000000018 -0.5 3.5121000000000024 0.0 1.0 0.0 60.56911219013674
44.81 20.0 -25.059999999999945 -1.4211000000000018 -0.5 3.5321000000000025 0.0 1.0 0.0 60.545352841845265
45.31 20.0 -25.259999999999945 -1.4411000000000018 -0.5 3.5521000000000025 0.0 1.0 0.0 60.445654036601795
45.81 20.0 -25.459999999999944 -1.4611000000000018 -0.5 3.5721000000000025 0.0 1.0 0.0 60.47343719430508
46.31 20.0 -25.659999999999943 -1.4811000000000019 -0.5 3.5921000000000025 0.0 1.0 0.0 60.47375159222811
46.81 20.0 -25.859999999999943 -1.5011000000000019 -0.5 3.6121000000000025 0.0 1.0 0.0 60.526948285831175
47.31 20.0 -26.059999999999942 -1.521100000000002 -0.5 3.6321000000000025 0.0 1.0 0.0 60.489106756820476
47.81 20.0 -26.25999999999994 -1.541100000000002 -0.5 3.6521000000000026 0.0 1.0 0.0 60.44072505563887
48.31 20.0 -26.45999999999994 -1.561100000000002 -0.5 3.6721000000000026 0.0 1.0 0.0 60.47885532245914
48.81 20.0 -26.65999999999994 -1.581100000000002 -0.5 3.6921000000000026 0.0 1.0 0.0 60.553009283852
49.31 20.0 -26.85999999999994 -1.601100000000002 -0.5 3.7121000000000026 0.0 1.0 0.0 60.617638560796706
49.81 20.0 -27.05999999999994 -1.621100000000002 -0.5 3.7321000000000026 0.0 1.0 0.0 60.54545618526965
50.31 20.0 -27.259999999999938 -1.641100000000002 -0.5 3.7521000000000027 0.0 1.0 0.0 60.51086116043973
50.81 20.0 -27.459999999999937 -1.661100000000002 -0.5 3.7721000000000027 0.0 1.0 0.0 60.447675003805905
51.31 20.0 -27.659999999999936 -1.681100000000002 -0.5 3.7921000000000027 0.0 1.0 0.0 60.44253845718801
51.81 20.0 -27.859999999999935 -1.701100000000002 -0.5 3.8121000000000027 0.0 1.0 0.0 60.342539817847694
52.31 20.0 -28.059999999999935 -1.721100000000002 -0.5 3.8321000000000027 0.0 1.0 0.0 60.26124424445904
52.81 20.0 -28.259999999999934 -1.741100000000002 -0.5 3.8521000000000027 0.0 1.0 0.0 60.1988561388322
53.31 20.0 -28.459999999999933 -1.761100000000002 -0.5 3.8721000000000028 0.0 1.0 0.0 60.22639080558615
53.81 20.0 -28.659999999999933 -1.7811000000000021 -0.5 3.892100000000003 0.0 1.0 0.0 60.183072724004546
54.31 20.0 -28.859999999999932 -1.8011000000000021 -0.5 3.912100000000003 0.0 1.0 0.0 60.18445979409812
54.81 20.0 -29.05999999999993 -1.8211000000000022 -0.5 3.932100000000003 0.0 1.0 0.0 60.11754409632916
55.31 20.0 -29.25999999999993 -1.8411000000000022 -0.5 3.952100000000003 0.0 1.0 0.0 60.11077812947932
55.81 20.0 -29.45999999999993 -1.8611000000000022 -0.5 3.972100000000003 0.0 1.0 0.0 60.14168390519545
56.31 20.0 -29.65999999999993 -1.8811000000000022 -0.5 3.992100000000003 0.0 1.0 0.0 60.18399613311594
56.81 20.0 -29.85999999999993 -1.9011000000000022 -0.5 4.012100000000003 0.0 1.0 0.0 60.11125007497089
57.31 20.0 -30.059999999999928 -1.9211000000000023 -0.5 4.0321000000000025 0.0 1.0 0.0 60.155918335578164
57.81 20.0 -30.259999999999927 -1.9411000000000023 -0.5 4.052100000000002 0.0 1.0 0.0 60.19322914159339
58.31 20.0 -30.459999999999926 -1.9611000000000023 -0.5 4.072100000000002 0.0 1.0 0.0 60.09755577945778
58.81 20.0 -30.659999999999926 -1.9811000000000023 -0.5 4.092100000000001 0.0 1.0 0.0 60.002330903137064
59.31 20.0 -30.859999999999925 -2.0011000000000023 -0.5 4.112100000000001 0.0 1.0 0.0 60.05935968388542
59.81 20.0 -31.059999999999924 -2.0211000000000023 -0.5 4.1321 0.0 1.0 0.0 60.00343185932309
60.31 20.0 -31.259999999999923 -2.0411000000000024 -0.5 4.1521 0.0 1.0 0.0 60.00426224189968
60.81 20.0 -31.459999999999923 -2.0611000000000024 -0.5 4.1720999999999995 0.0 1.0 0.0 60.03471245595566
61.31 20.0 -31.659999999999922 -2.0811000000000024 -0.5 4.192099999999999 0.0 1.0 0.0 60.088826828664594
61.81 20.0 -31.85999999999992 -2.1011000000000024 -0.5 4.212099999999999 0.0 1.0 0.0 60.01278256347835
62.31 20.0 -32.059999999999924 -2.1211000000000024 -0.5 4.232099999999998 0.0 1.0 0.0 59.936675475953116
62.81 20.0 -32.25999999999993 -2.1411000000000024 -0.5 4.252099999999998 0.0 1.0 0.0 59.922953466950084
63.31 20.0 -32.45999999999993 -2.1611000000000025 -0.5 4.272099999999997 0.0 1.0 0.0 60.01924159561797
63.81 20.0 -32.65999999999993 -2.1811000000000025 -0.5 4.292099999999997 0.0 1.0 0.0 60.10688158477207
64.31 20.0 -32.859999999999935 -2.2011000000000025 -0.5 4.3120999999999965 0.0 1.0 0.0 60.18764731256259
64.81 20.0 -33.05999999999994 -2.2211000000000025 -0.5 4.332099999999996 0.0 1.0 0.0 60.23598836583976
65.31 20.0 -33.25999999999994 -2.2411000000000025 -0.5 4.352099999999996 0.0 1.0 0.0 60.323653441921664
65.81 20.0 -33.459999999999944 -2.2611000000000026 -0.5 4.372099999999995 0.0 1.0 0.0 60.36855986710514
66.31 20.0 -33.65999999999995 -2.2811000000000026 -0.5 4.392099999999995 0.0 1.0 0.0 60.43301715424763
66.81 20.0 -33.85999999999995 -2.3011000000000026 -0.5 4.412099999999994 0.0 1.0 0.0 60.44274818115182
67.31 20.0 -34.05999999999995 -2.3211000000000026 -0.5 4.432099999999994 0.0 1.0 0.0 60.52190623687769
67.81 20.0 -34.259999999999955 -2.3411000000000026 -0.5 4.4520999999999935 0.0 1.0 0.0 60.53713872015687
68.31 20.0 -34.45999999999996 -2.3611000000000026 -0.5 4.472099999999993 0.0 1.0 0.0 60.55702953892512
68.81 20.0 -34.65999999999996 -2.3811000000000027 -0.5 4.492099999999993 0.0 1.0 0.0 60.57074842712268
69.31 20.0 -34.859999999999964 -2.4011000000000027 -0.5 4.512099999999992 0.0 1.0 0.0 60.497362200067016
69.81 20.0 -35.05999999999997 -2.4211000000000027 -0.5 4.532099999999992 0.0 1.0 0.0 60.41809435606864
70.31 20.0 -35.25999999999997 -2.4411000000000027 -0.5 4.552099999999991 0.0 1.0 0.0 60.40219382945849
70.81 20.0 -35.45999999999997 -2.4611000000000027 -0.5 4.572099999999991 0.0 1.0 0.0 60.409281245377635
71.31 20.0 -35.659999999999975 -2.4811000000000027 -0.5 4.5920999999999905 0.0 1.0 0.0 60.36918993928165
71.81 20.0 -35.85999999999998 -2.5011000000000028 -0.5 4.61209999999999 0.0 1.0 0.0 60.30015593920842
72.31 20.0 -36.05999999999998 -2.521100000000003 -0.5 4.63209999999999 0.0 1.0 0.0 60.35361683416418
72.81 20.0 -36.259999999999984 -2.541100000000003 -0.5 4.652099999999989 0.0 1.0 0.0 60.305820439225045
73.31 20.0 -36.45999999999999 -2.561100000000003 -0.5 4.672099999999989 0.0 1.0 0.0 60.39617742640783
73.81 20.0 -36.65999999999999 -2.581100000000003 -0.5 4.692099999999988 0.0 1.0 0.0 60.423300288100826